1111111111111111111111
1111111100100000111111
1110777770000000111111
1000000070000000111111
1000000070000000111111
1100000070000000011111
1100000070000000011111
1100000070000000011111
1100000070000000011111
1100011170000000011111
1111111770000000011111
1107777700000000001111
1107000000000000001111
1107000000000000001111
1117000000000000001111
1117000000000000001111
1117000000000000000111
1117000000000000000111
1117000000000000111111
1117000111111111111101
1111111111110111111111
1111111111111111111111
1111101111111111111111
1111011111111111111111
1111011111111111111111
1111111111111111111111
